Run semi-empirical minimization
 &qmmm
    qm_theory='AM1', grms_tol=0.0005,
 scfconv=1.d-10, ndiis_attempts=700,   qmcharge=2,
 /
   6     C      -18.8730       40.6240      141.7840 
   6    C1      -16.7750       41.1200      140.9160 
   6    C2      -14.9380       40.4020      142.1480 
   6    C3      -17.3810       41.6370      139.7810 
   6    C4      -18.7570       41.6290      139.6880 
   6    C5      -17.9860       42.5140      137.8600 
   7     N      -17.5390       40.6320      141.8960 
   7    N1      -19.0900       42.1560      138.5170 
   7    N2      -19.4800       41.1240      140.6900 
   8     O      -15.4260       41.1280      141.0280 
   6    C6      -16.9340       42.2110      138.6060 
   6    C7      -13.6790       41.1480      142.5580 
   6    C8      -12.8610       40.3800      143.5970 
   6    C9      -12.4980       38.9780      143.1220 
   6   C10      -13.7660       38.2480      142.6790 
   6   C11      -14.5380       39.0340      141.6250 
   6   C12      -11.8270       38.2120      144.2660 
   6   C13      -19.1260       39.5140      143.8450 
   6   C14      -18.0560       38.6360      143.7640 
   8    O1      -11.6270       39.0700      141.9980 
  17    Cl      -15.2810       42.5030      138.1570 
   7    N3      -19.6230       40.1300      142.7690 
   6   C15      -17.5980       38.0140      144.9210 
   6   C16      -18.1920       38.2710      146.1570 
   6   C17      -17.6880       37.5780      147.4390 
   8    O2      -18.5020       37.0820      148.2110 
   7    N4      -16.3670       37.5150      147.6350 
   6   C18      -15.4420       38.1170      146.6680 
   6   C19      -15.8610       36.8330      148.8280 
   6   C20      -19.2670       39.1480      146.2310 
   6   C21      -19.7300       39.7630      145.0750 
   8    O3      -20.7640       40.6460      145.0710 
   6   C22      -21.5900       40.7690      146.2220 
   6   C23      -22.9960       41.0300      145.6650 
   6   C24      -21.1360       42.0170      146.9680 
   9     F      -21.1840       43.0750      146.1480 
   9    F1      -19.8960       41.8290      147.4240 
   9    F2      -21.9610       42.2170      147.9820 
   1     H      -15.6360       40.3080      142.9530 
   1    H1      -16.4040       41.4860      140.1890 
   1    H2      -17.9560       42.9530      136.9270 
   1    H3      -20.0100       42.2660      138.1840 
   1    H4      -20.4630       41.1170      140.6290 
   1    H5      -13.9590       42.0940      142.9720 
   1    H6      -13.0710       41.2670      141.6860 
   1    H7      -13.4340       40.3010      144.4970 
   1    H8      -11.9500       40.9170      143.7610 
   1    H9      -13.4930       37.2980      142.2700 
   1   H10      -14.3980       38.1330      143.5350 
   1   H11      -13.9210       39.1570      140.7600 
   1   H12      -15.4270       38.4910      141.3790 
   1   H13      -11.5710       37.2270      143.9340 
   1   H14      -12.5010       38.1460      145.0940 
   1   H15      -10.9400       38.7280      144.5690 
   1   H16      -17.6040       38.4460      142.8560 
   1   H17      -12.0690       39.5570      141.2850 
   1   H18      -20.6010       40.2250      142.6990 
   1   H19      -16.8080       37.3530      144.8640 
   1   H20      -16.0000       38.5640      145.8720 
   1   H21      -14.7980       37.3600      146.2710 
   1   H22      -14.8540       38.8660      147.1560 
   1   H23      -14.7920       36.8720      148.8340 
   1   H24      -16.1810       35.8120      148.8180 
   1   H25      -16.2410       37.3170      149.7030 
   1   H26      -19.7180       39.3410      147.1390 
   1   H27      -21.5550       39.9160      146.8670 
   1   H28      -22.9740       41.8910      145.0290 
   1   H29      -23.6740       41.2020      146.4750 
   1   H30      -23.3200       40.1790      145.1030 

