Run semi-empirical minimization
 &qmmm
    qm_theory='AM1', grms_tol=0.0005,
 scfconv=1.d-10, ndiis_attempts=700,   qmcharge=0,
 /
   6    C1       34.6750        9.7070       -0.7740 
   6    C2       33.8800        8.8190       -0.0580 
   6    C3       33.2170        9.2640        1.0780 
   6    C4       33.3640       10.5830        1.4880 
   6    C5       34.1670       11.4640        0.7760 
   6    C6       34.8330       11.0250       -0.3590 
   7     N       35.3660        9.2810       -1.9240 
   6     C       34.7610        8.6490       -3.0000 
   6    CM       35.6700        8.2570       -4.1450 
   8    O4       32.6960       11.0410        2.6410 
   8     O       33.5600        8.4260       -3.0200 
   1     H       33.7840        7.8390       -0.3680 
   1    H1       32.6180        8.6180        1.6150 
   1    H2       34.2680       12.4420        1.0900 
   1    H3       35.4390       11.6700       -0.8900 
   1    H4       36.3360        9.4410       -1.9670 
   1    H5       35.0940        7.7810       -4.9110 
   1    H6       36.4190        7.5810       -3.7900 
   1    H7       36.1390        9.1320       -4.5440 
   1    H8       32.7950       11.9310        2.9180 

